0.0736458
0.09692015
0.066911146
0.067336775
0.10018932
0.17076218
0.09605293
0.12787604
0.1965203
0.21218903
0.16937537
0.21521315
0.20776561
0.17064618
0.2321575
0.354953
0.2347745
0.28300238
0.18388787
0.19841506
0.18438475
0.17575029
0.22667716
0.28112426
0.12991212
0.15211943
0.27744216
0.15703604
0.5263127
0.15822496
0.2826863
0.56968915
0.50291437
0.3377955
0.3582266
0.26304823
0.41697145
0.42593387
0.3284346
0.27845734
0.41313356
0.20647651
0.17791596
0.2643487
0.5330952
0.47872734
0.27168572
0.2427826
0.24018797
0.2572701
0.12778085
0.13965742
0.14509085
0.11747068
0.15979184
0.21162625
0.14877856
0.11652374
0.101832494
0.12738758
0.15563202
0.07597304
0.10981748
0.10795061
0.082400784
0.08325834
0.0495406
